30.93846154
29.49230769
28.12307692
31.54615385
27.53846154
27.56923077
25.05384615
29.95384615
31.38461538
33.53076923
29.70769231
29.84615385
27.7
33.54615385
28.83846154
30.59230769
30.77692308
25.59230769
24.66923077
26.26153846
30.96153846
28.66923077
16.89230769
20.93846154
32.41538462
29.18461538
29.26923077
31.38461538
30.81538462
29.21538462
28.17692308
28.43846154
31.82307692
23.52307692
13.23076923
30.36153846
30.22307692
27.92307692
30.53846154
30.63076923
27.00769231
17.39230769
27.36923077
31.84615385
24.92307692
25.7
32.87692308
31.63076923
